"X1","X2","X3","X4"
0.349210565245124,0.341445841846185,0.0897246128034356,0.219618980105255
0.452714920269547,0.38519643061688,0.00345757291270789,0.158631076200865
0.142975400009963,0.268523287732243,0.195732445114514,0.39276886714328
0.194218786801642,0.120238041312258,0.211424534500159,0.47411863738594
0.262388099964323,0.242173398495957,0.133758222086711,0.361680279453009
0.0990712991468288,0.296859965279915,0.340738195831746,0.26333053974151
0.274601667909792,0.261488521807551,0.0132405301984137,0.450669280084244
0.281131317149324,0.153123579771359,0.396687048589601,0.169058054489717
0.279877330919632,0.116609949898745,0.371468353991233,0.23204436519039
0.295451382656464,0.393219008323356,0.0357824132101529,0.275547195810028
0.444328381847382,0.205698948508701,0.112697563534835,0.237275106109082
0.151569673390797,0.307642902610014,0.423779301384104,0.117008122615085
0.367012287148475,0.0901431433915934,0.355810772120403,0.187033797339529
0.363986590280268,0.134686798526461,0.306233539976378,0.195093071216894
0.340515679058961,0.0989637601531089,0.013469805343809,0.547050755444121
0.0249340747809126,0.0123151001273529,0.456964165314883,0.505786659776852
0.15695916013666,0.313173955311688,0.113607373512467,0.416259511039184
0.244040974853166,0.269057775650292,0.354729158239018,0.132172091257524
0.332966119140046,0.272203515611549,0.177940317368432,0.216890047879974
0.263429193772679,0.0633021668381663,0.25200209031722,0.421266549071935
0.211837460925133,0.227036581533932,0.383535619881797,0.177590337659138
0.313047403714777,0.302409372972505,0.0678300773077943,0.316713146004923
0.195513353650558,0.0639493090657664,0.344747160775931,0.395790176507745
0.344762746294611,0.149139993799189,0.407299241354854,0.0987980185513464
0.177037363553933,0.131387637944644,0.488604061094112,0.202970937407311
0.35656344161991,0.375844744437992,0.23863065256775,0.028961161374348
0.113517258375171,0.144784859485645,0.354153217232216,0.387544664906968
0.283509261624451,0.227129398010033,0.255655995655098,0.233705344710417
0.218331174512625,0.141020112734649,0.278732091292638,0.361916621460087
0.238772777699431,0.107390139202913,0.306050009448155,0.347787073649501
0.152124152449635,0.104565994740594,0.255838256091669,0.487471596718102
0.214717867073327,0.258349762896788,0.290392179770943,0.236540190258942
0.34560022580009,0.242010207196109,0.216656990049699,0.195732576954102
0.468841815545887,0.162490780887174,0.248468166977933,0.120199236589007
0.502860821526246,0.284473799689402,0.166633658795213,0.0460317199891383
0.159649874328967,0.177231579331507,0.29480448371103,0.368314062628496
0.266873182973094,0.265494957496172,0.1950061034039,0.272625756126834
0.129148759675411,0.220879184843208,0.359590430534471,0.29038162494691
0.190836011290424,0.115860168952541,0.427632647028687,0.265671172728348
0.374366451571456,0.195033379103038,0.102227872836851,0.328372296488655
0.367204058156667,0.18545521714746,0.435757486115659,0.0115832385802136
0.192105296118906,0.24186472610999,0.165069712857539,0.400960264913564
0.289580161054819,0.0930815138948092,0.13520861390084,0.482129711149532
0.179537956947974,0.0810119834934451,0.347545863581688,0.391904195976893
0.15720655886813,0.0210544981681175,0.596291396973465,0.225447545990287
0.137186795791263,0.0572612153275806,0.352423421987925,0.453128566893231
0.344504500715822,0.223271051183691,0.141632403493441,0.290592044607046
0.254988563974478,0.43294226336001,0.188378036932211,0.123691135733301
0.198956184037672,0.312785392339911,0.265294688319282,0.222963735303134
0.347383374662481,0.411137205744493,0.0042129484290815,0.237266471163945
0.0417612454418409,0.432192935588895,0.261414775986094,0.264631042983169
0.12126583370861,0.312265225652637,0.332531137820651,0.233937802818102
0.300680708529742,0.320012983939736,0.248476131176185,0.130830176354338
0.017328739114693,0.236556470806678,0.381054982485733,0.365059807592896
0.172619558896141,0.083848016925601,0.588974803863919,0.154557620314338
0.109837493600806,0.11626893601183,0.382116383749025,0.391777186638339
0.18457687314149,0.388606311180227,0.0631266190236643,0.363690196654619
0.318615251766329,0.394948341027271,0.0158167145955059,0.270619692610894
0.187476783681732,0.244783601991007,0.292471225452921,0.275268388874339
0.187196301737877,0.181594529065047,0.356442768415863,0.274766400781213
0.081913413137382,0.188292094288423,0.362307185763853,0.367487306810342
0.116786617088391,0.49198083934171,0.171329328096683,0.219903215473215
0.237835373156828,0.233025818458784,0.351096538342377,0.17804227004201
0.110131477421773,0.465226306028199,0.168502207577585,0.256140008972442
0.363110786920212,0.302526533629253,0.038417944995968,0.295944734454567
0.0718002833512851,0.190316974782075,0.34207484433444,0.3958078975322
0.351446454200724,0.344851083556009,0.274492457514455,0.029210004728812
0.144975899242518,0.305601328605814,0.373398966076375,0.176023806075294
0.122125114562487,0.300140264534495,0.207733947630311,0.370000673272707
0.164290759219874,0.279006653692861,0.174860087440671,0.381842499646593
0.271475838029414,0.344340320208063,0.362347714766095,0.0218361269964274
0.308458871859592,0.391737218890167,0.0208428667453292,0.278961042504912
0.213660901665566,0.367192015749692,0.0331822618824688,0.385964820702273
0.27813180227869,0.246234962772379,0.349787205341852,0.125846029607078
0.0595960090877188,0.327153966265746,0.259385604663918,0.353864419982617
0.146616162308304,0.366871989686706,0.203533850950522,0.282977997054468
0.175822546169088,0.217866906297247,0.347006492316222,0.259304055217442
0.174698540536275,0.180705710624318,0.195480307997949,0.449115440841458
0.111930977938659,0.19086078328649,0.617804238204963,0.0794040005698878
0.0666389484012678,0.0729371274002829,0.318402067815623,0.542021856382827
0.112470606443122,0.421748438035261,0.234875631277829,0.230905324243788
0.173267900334399,0.239924958589253,0.38353989573845,0.203267245337898
0.320091343716227,0.111673238278668,0.29328132465248,0.274954093352625
0.0735715915863009,0.00519811989646693,0.484084861283361,0.437145427233872
0.0495062509072572,0.378032265884593,0.417163465630815,0.155298017577335
0.125331770392412,0.196207189853011,0.331958817516625,0.346502222237952
0.179406305542528,0.372536375011946,0.190674337872842,0.257382981572684
0.230707020847619,0.205849935723356,0.407864961239916,0.155578082189109
0.375566919295096,0.180190305969751,0.322803746286154,0.121439028448998
0.188457752219839,0.305495596626727,0.402048009333745,0.10399864181969
0.380250091875964,0.272572740134348,0.00257972038827133,0.344597447601416
0.169193590636257,0.355118470043927,0.294274121541159,0.181413817778657
0.30668643435457,0.383721184414207,0.102877459031569,0.206714922199654
0.208234203920389,0.341161881412674,0.00642897772414741,0.44417493694279
0.218101616963921,0.28982866872069,0.453196906464132,0.0388728078512568
0.234618614938834,0.410416531914208,0.201830864750751,0.153133988396207
0.158750087602063,0.382442513995296,0.339261056660832,0.119546341741809
0.25358852657841,0.201669082933133,0.319061239542191,0.225681150946267
0.25581676575034,0.373756443696555,0.0700752492719907,0.300351541281114
0.135627599624779,0.0099372922457601,0.36685021499686,0.487584893132601
